0 0.06 0.4344262295081967 0.11272727272727273 0.1912568306010929
0 0.06181818181818182 0.6721311475409836 0.12363636363636364 0.30601092896174864
0 0.2 0.5245901639344263 0.1890909090909091 0.25136612021857924
0 0.34363636363636363 0.46174863387978143 0.13454545454545455 0.20218579234972678
0 0.1781818181818182 0.34972677595628415 0.13090909090909092 0.13114754098360656
0 0.22181818181818183 0.1830601092896175 0.14545454545454545 0.1912568306010929
0 0.32 0.29508196721311475 0.13818181818181818 0.17486338797814208
0 0.48363636363636364 0.31693989071038253 0.18181818181818182 0.273224043715847
0 0.6218181818181818 0.1885245901639344 0.16727272727272727 0.21311475409836064
0 0.6509090909090909 0.3825136612021858 0.16 0.24043715846994534
0 0.7927272727272727 0.5355191256830601 0.1890909090909091 0.28415300546448086
0 0.8272727272727273 0.30327868852459017 0.19272727272727272 0.22404371584699453
0 0.9254545454545454 0.4808743169398907 0.13454545454545455 0.24043715846994534