0 0.13090909090909092 0.1557377049180328 0.13818181818181818 0.20218579234972678
0 0.18 0.36065573770491804 0.14181818181818182 0.22950819672131148
0 0.14727272727272728 0.5901639344262295 0.12727272727272726 0.18579234972677597
0 0.17272727272727273 0.8142076502732241 0.15636363636363637 0.19672131147540983
0 0.06545454545454546 0.912568306010929 0.12363636363636364 0.15300546448087432
0 0.3054545454545455 0.5683060109289617 0.15272727272727274 0.24043715846994534
0 0.3290909090909091 0.7896174863387978 0.14181818181818182 0.21311475409836064
0 0.3327272727272727 0.34972677595628415 0.14909090909090908 0.2185792349726776
0 0.28 0.12295081967213115 0.13090909090909092 0.18032786885245902
0 0.4218181818181818 0.09562841530054644 0.13818181818181818 0.18032786885245902
0 0.4781818181818182 0.30327868852459017 0.12727272727272726 0.21311475409836064
0 0.44727272727272727 0.5 0.12363636363636364 0.1912568306010929
0 0.46 0.6939890710382514 0.12727272727272726 0.16393442622950818
0 0.45454545454545453 0.8852459016393442 0.13090909090909092 0.18579234972677597
0 0.5581818181818182 0.07377049180327869 0.15636363636363637 0.14754098360655737
0 0.6 0.24316939890710382 0.16 0.20218579234972678
0 0.58 0.46994535519125685 0.15636363636363637 0.22950819672131148
0 0.5890909090909091 0.6775956284153005 0.13818181818181818 0.20765027322404372
0 0.5945454545454546 0.8852459016393442 0.12727272727272726 0.18579234972677597
0 0.7109090909090909 0.06830601092896176 0.13454545454545455 0.11475409836065574
0 0.7436363636363637 0.24316939890710382 0.14181818181818182 0.22404371584699453
0 0.74 0.45901639344262296 0.14909090909090908 0.20765027322404372
0 0.7345454545454545 0.6857923497267759 0.13818181818181818 0.1912568306010929
0 0.730909090909091 0.9043715846994536 0.14545454545454545 0.16939890710382513
0 0.8709090909090909 0.06284153005464481 0.14181818181818182 0.12568306010928962
0 0.9036363636363637 0.2540983606557377 0.16363636363636364 0.22404371584699453
0 0.8836363636363637 0.5081967213114754 0.13818181818181818 0.2185792349726776
0 0.8745454545454545 0.7540983606557377 0.14181818181818182 0.22950819672131148
0 0.8781818181818182 0.9453551912568307 0.12727272727272726 0.09836065573770492