0 0.28 0.4444444444444444 0.3377777777777778 0.1688888888888889
0 0.6555555555555556 0.5577777777777778 0.39555555555555555 0.17333333333333334
0 0.9155555555555556 0.6377777777777778 0.16 0.29777777777777775
0 0.26222222222222225 0.6555555555555556 0.38222222222222224 0.28888888888888886
0 0.6888888888888889 0.7866666666666666 0.35555555555555557 0.2577777777777778
0 0.9466666666666667 0.8155555555555556 0.09777777777777778 0.1288888888888889
0 0.08888888888888889 0.84 0.1688888888888889 0.27555555555555555
0 0.3933333333333333 0.8933333333333333 0.4222222222222222 0.20444444444444446
0 0.8933333333333333 0.09555555555555556 0.20444444444444446 0.1288888888888889
0 0.8622222222222222 0.9444444444444444 0.26666666666666666 0.10222222222222223
0 0.8888888888888888 0.25333333333333335 0.21333333333333335 0.17777777777777778
0 0.3622222222222222 0.27111111111111114 0.30666666666666664 0.2222222222222222
0 0.7555555555555555 0.4088888888888889 0.28444444444444444 0.27555555555555555