0 0.37894736842105264 0.5 0.0912280701754386 0.15254237288135594
0 0.4298245614035088 0.5988700564971752 0.09473684210526316 0.14689265536723164
0 0.4649122807017544 0.7005649717514124 0.10175438596491228 0.1694915254237288
0 0.5614035087719298 0.7344632768361582 0.11929824561403508 0.14689265536723164
0 0.5491228070175439 0.6045197740112994 0.10877192982456141 0.13559322033898305
0 0.5070175438596491 0.5084745762711864 0.11578947368421053 0.14689265536723164
0 0.5912280701754385 0.4858757062146893 0.08771929824561403 0.13559322033898305
0 0.6771929824561403 0.5282485875706214 0.11228070175438597 0.1638418079096045
0 0.7614035087719299 0.711864406779661 0.12631578947368421 0.192090395480226
0 0.8456140350877193 0.6694915254237288 0.08421052631578947 0.1751412429378531
0 0.6456140350877193 0.6977401129943502 0.10526315789473684 0.1864406779661017
0 0.5087719298245614 0.3644067796610169 0.11228070175438597 0.14124293785310735