0 0.3440514469453376 0.3148148148148148 0.22508038585209003 0.4074074074074074
0 0.40836012861736337 0.7962962962962963 0.2765273311897106 0.3950617283950617
0 0.12379421221864952 0.808641975308642 0.24115755627009647 0.3333333333333333
0 0.07877813504823152 0.345679012345679 0.15112540192926044 0.43209876543209874
0 0.1864951768488746 0.2716049382716049 0.14790996784565916 0.2839506172839506
0 0.6479099678456591 0.8209876543209876 0.22186495176848875 0.3333333333333333
0 0.7395498392282959 0.6018518518518519 0.2508038585209003 0.35185185185185186
0 0.8762057877813505 0.8549382716049383 0.2282958199356913 0.2777777777777778
0 0.6141479099678456 0.2654320987654321 0.2379421221864952 0.35802469135802467
0 0.864951768488746 0.15432098765432098 0.2572347266881029 0.2962962962962963
0 0.9260450160771704 0.31790123456790126 0.1414790996784566 0.3395061728395062