0 0.2568306010928962 0.6181818181818182 0.32786885245901637 0.1890909090909091
0 0.3251366120218579 0.769090909090909 0.3442622950819672 0.15636363636363637
0 0.12295081967213115 0.8981818181818182 0.2459016393442623 0.16727272727272727
0 0.3633879781420765 0.9436363636363636 0.2896174863387978 0.10545454545454545
0 0.6229508196721312 0.8654545454545455 0.29508196721311475 0.14545454545454545
0 0.8224043715846995 0.7327272727272728 0.2568306010928962 0.16363636363636364
0 0.8715846994535519 0.8963636363636364 0.2459016393442623 0.16363636363636364
0 0.5491803278688525 0.6381818181818182 0.3005464480874317 0.1781818181818182
0 0.6939890710382514 0.5236363636363637 0.29508196721311475 0.13090909090909092
0 0.9098360655737705 0.5727272727272728 0.16939890710382513 0.13454545454545455
0 0.40437158469945356 0.5018181818181818 0.28415300546448086 0.15272727272727274
0 0.2103825136612022 0.42 0.3442622950819672 0.16363636363636364
0 0.45081967213114754 0.3709090909090909 0.2459016393442623 0.17454545454545456
0 0.7131147540983607 0.3690909090909091 0.2786885245901639 0.14181818181818182
0 0.6912568306010929 0.24545454545454545 0.2786885245901639 0.16363636363636364
0 0.3770491803278688 0.23272727272727273 0.29508196721311475 0.14545454545454545
0 0.13387978142076504 0.27454545454545454 0.23497267759562843 0.15636363636363637
0 0.2459016393442623 0.12727272727272726 0.30601092896174864 0.15272727272727274
0 0.5655737704918032 0.1290909090909091 0.2677595628415301 0.13454545454545455
0 0.8114754098360656 0.09454545454545454 0.21311475409836064 0.12363636363636364
0 0.907103825136612 0.18 0.17486338797814208 0.12727272727272726