0 0.43434343434343436 0.5970588235294118 0.20202020202020202 0.17058823529411765
0 0.9461279461279462 0.611764705882353 0.10101010101010101 0.27058823529411763
0 0.67003367003367 0.6852941176470588 0.1414141414141414 0.21764705882352942
0 0.1750841750841751 0.7 0.12121212121212122 0.15294117647058825
0 0.8535353535353535 0.7205882352941176 0.1447811447811448 0.22941176470588234
0 0.8872053872053872 0.7588235294117647 0.15824915824915825 0.11764705882352941
0 0.4175084175084175 0.7941176470588235 0.2222222222222222 0.1411764705882353
0 0.05218855218855219 0.8147058823529412 0.04377104377104377 0.07647058823529412
0 0.6279461279461279 0.8382352941176471 0.16498316498316498 0.2411764705882353
0 0.2441077441077441 0.8382352941176471 0.1111111111111111 0.1
0 0.5117845117845118 0.09117647058823529 0.15488215488215487 0.13529411764705881
0 0.4797979797979798 0.9176470588235294 0.21212121212121213 0.15294117647058825
0 0.7996632996632996 0.9205882352941176 0.2255892255892256 0.1
0 0.1717171717171717 0.9205882352941176 0.15488215488215487 0.12352941176470589
0 0.08080808080808081 0.9470588235294117 0.12121212121212122 0.07058823529411765
0 0.8518518518518519 0.12941176470588237 0.08754208754208755 0.17647058823529413
0 0.9646464646464646 0.13823529411764707 0.06397306397306397 0.19411764705882353
0 0.7154882154882155 0.14705882352941177 0.09764309764309764 0.16470588235294117
0 0.4107744107744108 0.18823529411764706 0.13468013468013468 0.17647058823529413
0 0.9141414141414141 0.2852941176470588 0.1111111111111111 0.2411764705882353
0 0.5521885521885522 0.29705882352941176 0.10774410774410774 0.1588235294117647
0 0.5303030303030303 0.32941176470588235 0.1919191919191919 0.21176470588235294
0 0.7205387205387206 0.35294117647058826 0.16835016835016836 0.17647058823529413
0 0.3602693602693603 0.3941176470588235 0.13468013468013468 0.18823529411764706
0 0.7811447811447811 0.47058823529411764 0.14814814814814814 0.2
0 0.13973063973063973 0.5558823529411765 0.13804713804713806 0.17058823529411765
0 0.2474747474747475 0.5735294117647058 0.09090909090909091 0.17058823529411765