0 0.08904109589041095 0.0838150289017341 0.1095890410958904 0.1676300578034682
0 0.09931506849315068 0.29190751445086704 0.14383561643835616 0.1791907514450867
0 0.10787671232876712 0.4595375722543353 0.13356164383561644 0.1907514450867052
0 0.22945205479452055 0.6098265895953757 0.13013698630136986 0.1791907514450867
0 0.05650684931506849 0.7947976878612717 0.09931506849315068 0.1907514450867052
0 0.18664383561643835 0.8121387283236994 0.13356164383561644 0.1791907514450867
0 0.3835616438356164 0.838150289017341 0.136986301369863 0.17341040462427745
0 0.5547945205479452 0.6734104046242775 0.14383561643835616 0.2138728323699422
0 0.6626712328767124 0.38439306358381503 0.1267123287671233 0.2254335260115607
0 0.4434931506849315 0.5086705202312138 0.14726027397260275 0.20809248554913296
0 0.3852739726027397 0.32947976878612717 0.13356164383561644 0.20809248554913296
0 0.2551369863013699 0.2861271676300578 0.11986301369863013 0.1907514450867052
0 0.696917808219178 0.6416184971098265 0.1404109589041096 0.21965317919075145
0 0.851027397260274 0.5404624277456648 0.1267123287671233 0.2138728323699422
0 0.648972602739726 0.869942196531792 0.13356164383561644 0.1907514450867052
0 0.8013698630136986 0.35260115606936415 0.14383561643835616 0.20809248554913296
0 0.8373287671232876 0.1676300578034682 0.11301369863013698 0.20809248554913296
0 0.5821917808219178 0.21098265895953758 0.1506849315068493 0.27167630057803466
0 0.4623287671232877 0.1531791907514451 0.13013698630136986 0.2138728323699422