0 0.12162162162162163 0.19329896907216496 0.1969111969111969 0.211340206185567
0 0.138996138996139 0.3788659793814433 0.20077220077220076 0.28350515463917525
0 0.2528957528957529 0.5902061855670103 0.20463320463320464 0.23195876288659795
0 0.09266409266409266 0.7087628865979382 0.16988416988416988 0.2422680412371134
0 0.44594594594594594 0.6855670103092784 0.2277992277992278 0.26804123711340205
0 0.2644787644787645 0.8247422680412371 0.2277992277992278 0.25773195876288657
0 0.4189189189189189 0.9278350515463918 0.2277992277992278 0.1134020618556701
0 0.7683397683397684 0.7835051546391752 0.23938223938223938 0.26804123711340205
0 0.6293436293436293 0.7242268041237113 0.21621621621621623 0.26288659793814434
0 0.6814671814671814 0.49226804123711343 0.25868725868725867 0.31443298969072164
0 0.9073359073359073 0.49742268041237114 0.1776061776061776 0.19072164948453607
0 0.915057915057915 0.27319587628865977 0.16216216216216217 0.2268041237113402
0 0.6467181467181468 0.19329896907216496 0.1969111969111969 0.19072164948453607
0 0.36293436293436293 0.3943298969072165 0.15444015444015444 0.26288659793814434
0 0.4864864864864865 0.2963917525773196 0.19305019305019305 0.2422680412371134
0 0.39575289575289574 0.16752577319587628 0.17374517374517376 0.22164948453608246
0 0.4942084942084942 0.09020618556701031 0.16988416988416988 0.18041237113402062
0 0.24324324324324326 0.07216494845360824 0.16988416988416988 0.14432989690721648
0 0.859073359073359 0.09278350515463918 0.20463320463320464 0.18556701030927836