0 0.14671814671814673 0.2692307692307692 0.20077220077220076 0.21025641025641026
0 0.20463320463320464 0.3974358974358974 0.21621621621621623 0.23076923076923078
0 0.2799227799227799 0.5128205128205128 0.20463320463320464 0.2153846153846154
0 0.3204633204633205 0.2358974358974359 0.19305019305019305 0.22564102564102564
0 0.3938223938223938 0.3230769230769231 0.20077220077220076 0.17435897435897435
0 0.47876447876447875 0.46923076923076923 0.1776061776061776 0.23076923076923078
0 0.6718146718146718 0.4256410256410256 0.2084942084942085 0.22564102564102564
0 0.5907335907335908 0.26666666666666666 0.19305019305019305 0.17435897435897435
0 0.5096525096525096 0.18461538461538463 0.1776061776061776 0.18461538461538463
0 0.6756756756756757 0.10256410256410256 0.16988416988416988 0.18461538461538463
0 0.7664092664092664 0.21794871794871795 0.1969111969111969 0.1794871794871795
0 0.8436293436293436 0.3641025641025641 0.20463320463320464 0.2358974358974359