0 0.0802675585284281 0.4523809523809524 0.12040133779264214 0.19047619047619047
0 0.07859531772575251 0.6577380952380952 0.11036789297658862 0.18452380952380953
0 0.20903010033444816 0.40476190476190477 0.14381270903010032 0.21428571428571427
0 0.21070234113712374 0.5654761904761905 0.14046822742474915 0.2619047619047619
0 0.33277591973244147 0.6785714285714286 0.14381270903010032 0.25
0 0.3729096989966555 0.24702380952380953 0.13043478260869565 0.17261904761904762
0 0.5234113712374582 0.39880952380952384 0.13712374581939799 0.27380952380952384
0 0.5050167224080268 0.6190476190476191 0.16722408026755853 0.23809523809523808
0 0.5702341137123745 0.7202380952380952 0.12374581939799331 0.23809523809523808
0 0.6739130434782609 0.23214285714285715 0.11036789297658862 0.14285714285714285
0 0.6588628762541806 0.4017857142857143 0.1605351170568562 0.22023809523809523
0 0.677257525083612 0.6220238095238095 0.13712374581939799 0.22023809523809523
0 0.7792642140468228 0.48214285714285715 0.14715719063545152 0.21428571428571427
0 0.7775919732441472 0.6845238095238095 0.1505016722408027 0.25
0 0.9147157190635451 0.19940476190476192 0.13712374581939799 0.22023809523809523
0 0.9230769230769231 0.37797619047619047 0.12709030100334448 0.18452380952380953
0 0.9264214046822743 0.5952380952380952 0.13377926421404682 0.20238095238095238