0 0.176 0.3193069306930693 0.224 0.2524752475247525
0 0.224 0.5792079207920792 0.24 0.2376237623762376
0 0.412 0.7351485148514851 0.2 0.24257425742574257
0 0.116 0.7945544554455446 0.208 0.23267326732673269
0 0.642 0.400990099009901 0.196 0.22772277227722773
0 0.55 0.22277227722772278 0.204 0.22772277227722773
0 0.196 0.09158415841584158 0.2 0.17326732673267325
0 0.416 0.08415841584158416 0.216 0.16831683168316833
0 0.824 0.5247524752475248 0.216 0.27722772277227725
0 0.678 0.7326732673267327 0.204 0.22772277227722773
0 0.894 0.7722772277227723 0.196 0.26732673267326734
0 0.786 0.21534653465346534 0.236 0.2524752475247525