0 0.11818181818181818 0.22131147540983606 0.20727272727272728 0.2786885245901639
0 0.38 0.29508196721311475 0.20727272727272728 0.30601092896174864
0 0.11090909090909092 0.5628415300546448 0.2 0.28415300546448086
0 0.2909090909090909 0.6010928961748634 0.22545454545454546 0.29508196721311475
0 0.19272727272727272 0.8306010928961749 0.19636363636363635 0.26229508196721313
0 0.45636363636363636 0.5191256830601093 0.18545454545454546 0.24043715846994534
0 0.5218181818181818 0.7404371584699454 0.2 0.2786885245901639
0 0.7490909090909091 0.6502732240437158 0.21818181818181817 0.33879781420765026
0 0.5854545454545454 0.38524590163934425 0.20363636363636364 0.3114754098360656
0 0.37636363636363634 0.8442622950819673 0.2 0.23497267759562843
0 0.66 0.16120218579234974 0.19272727272727272 0.2896174863387978
0 0.8963636363636364 0.45901639344262296 0.1781818181818182 0.34972677595628415
0 0.8527272727272728 0.23497267759562843 0.2 0.25136612021857924