0 0.16346153846153846 0.5745192307692307 0.11538461538461539 0.06009615384615385
0 0.8100961538461539 0.5865384615384616 0.12980769230769232 0.15384615384615385
0 0.9350961538461539 0.6033653846153846 0.11778846153846154 0.14182692307692307
0 0.07211538461538461 0.6538461538461539 0.14423076923076922 0.14903846153846154
0 0.7524038461538461 0.7163461538461539 0.13701923076923078 0.15384615384615385
0 0.22115384615384615 0.7211538461538461 0.12980769230769232 0.16105769230769232
0 0.5865384615384616 0.7211538461538461 0.10576923076923077 0.1346153846153846
0 0.3798076923076923 0.7211538461538461 0.19230769230769232 0.11778846153846154
0 0.9302884615384616 0.7644230769230769 0.12980769230769232 0.14182692307692307
0 0.6754807692307693 0.8245192307692307 0.23076923076923078 0.08413461538461539
0 0.49278846153846156 0.8365384615384616 0.14903846153846154 0.057692307692307696
0 0.5264423076923077 0.23076923076923078 0.014423076923076924 0.019230769230769232
0 0.46153846153846156 0.24519230769230768 0.0985576923076923 0.04807692307692308
0 0.5600961538461539 0.25961538461538464 0.07692307692307693 0.07692307692307693
0 0.6298076923076923 0.3245192307692308 0.12980769230769232 0.09134615384615384
0 0.46153846153846156 0.3605769230769231 0.13701923076923078 0.1875
0 0.6274038461538461 0.4519230769230769 0.17307692307692307 0.14182692307692307
0 0.17307692307692307 0.4543269230769231 0.0673076923076923 0.11538461538461539
0 0.07932692307692307 0.47836538461538464 0.12980769230769232 0.10576923076923077
0 0.34615384615384615 0.47836538461538464 0.14903846153846154 0.11538461538461539
0 0.8173076923076923 0.4831730769230769 0.08413461538461539 0.06490384615384616