0 0.125 0.5360576923076923 0.18269230769230768 0.16826923076923078
0 0.10096153846153846 0.34615384615384615 0.16105769230769232 0.15625
0 0.25240384615384615 0.4326923076923077 0.16826923076923078 0.16826923076923078
0 0.4014423076923077 0.2692307692307692 0.19230769230769232 0.14423076923076922
0 0.3894230769230769 0.44471153846153844 0.13942307692307693 0.17067307692307693
0 0.2620192307692308 0.6081730769230769 0.17548076923076922 0.1971153846153846
0 0.18269230769230768 0.7379807692307693 0.18990384615384615 0.13701923076923078
0 0.3629807692307692 0.7451923076923077 0.17067307692307693 0.11778846153846154
0 0.4206730769230769 0.6129807692307693 0.16105769230769232 0.15384615384615385
0 0.5841346153846154 0.5673076923076923 0.17067307692307693 0.16826923076923078
0 0.6370192307692307 0.6610576923076923 0.1778846153846154 0.15625
0 0.5360576923076923 0.41586538461538464 0.17067307692307693 0.18990384615384615
0 0.7019230769230769 0.4110576923076923 0.16826923076923078 0.20192307692307693
0 0.5889423076923077 0.25961538461538464 0.15625 0.13221153846153846
0 0.7884615384615384 0.2692307692307692 0.21394230769230768 0.14423076923076922
0 0.875 0.43028846153846156 0.15625 0.15384615384615385
0 0.8870192307692307 0.5865384615384616 0.18509615384615385 0.18509615384615385
0 0.7620192307692307 0.5913461538461539 0.14423076923076922 0.18269230769230768