0 0.057692307692307696 0.4543269230769231 0.11057692307692307 0.125
0 0.06129807692307692 0.6141826923076923 0.12259615384615384 0.20432692307692307
0 0.19951923076923078 0.5144230769230769 0.1875 0.1658653846153846
0 0.34134615384615385 0.47115384615384615 0.13221153846153846 0.13221153846153846
0 0.1778846153846154 0.39663461538461536 0.12980769230769232 0.08653846153846154
0 0.22115384615384615 0.2860576923076923 0.14423076923076922 0.125
0 0.31971153846153844 0.3605769230769231 0.13701923076923078 0.11538461538461539
0 0.4831730769230769 0.375 0.18028846153846154 0.18028846153846154
0 0.6201923076923077 0.29086538461538464 0.1658653846153846 0.13942307692307693
0 0.6490384615384616 0.4182692307692308 0.15865384615384615 0.15865384615384615
0 0.7908653846153846 0.5216346153846154 0.1875 0.1875
0 0.8269230769230769 0.36538461538461536 0.19230769230769232 0.14903846153846154
0 0.9230769230769231 0.4855769230769231 0.13221153846153846 0.15865384615384615