0 0.12980769230769232 0.2692307692307692 0.13701923076923078 0.13221153846153846
0 0.1778846153846154 0.40384615384615385 0.13942307692307693 0.15144230769230768
0 0.1466346153846154 0.5576923076923077 0.125 0.12259615384615384
0 0.17067307692307693 0.7067307692307693 0.15625 0.12980769230769232
0 0.06490384615384616 0.7716346153846154 0.12259615384615384 0.10096153846153846
0 0.30528846153846156 0.5432692307692307 0.15144230769230768 0.15865384615384615
0 0.3269230769230769 0.6899038461538461 0.13942307692307693 0.13942307692307693
0 0.3317307692307692 0.39663461538461536 0.14903846153846154 0.14423076923076922
0 0.27884615384615385 0.24759615384615385 0.12980769230769232 0.11778846153846154
0 0.4206730769230769 0.2283653846153846 0.13701923076923078 0.11778846153846154
0 0.47596153846153844 0.36538461538461536 0.125 0.13942307692307693
0 0.44711538461538464 0.49759615384615385 0.12259615384615384 0.125
0 0.45913461538461536 0.6274038461538461 0.125 0.10817307692307693
0 0.4543269230769231 0.7548076923076923 0.12980769230769232 0.12259615384615384
0 0.5576923076923077 0.21394230769230768 0.15625 0.09615384615384616
0 0.5985576923076923 0.3269230769230769 0.15865384615384615 0.13221153846153846
0 0.5793269230769231 0.47836538461538464 0.15625 0.15144230769230768
0 0.5889423076923077 0.6153846153846154 0.13701923076923078 0.13701923076923078
0 0.59375 0.7548076923076923 0.125 0.12259615384615384
0 0.7091346153846154 0.2091346153846154 0.13221153846153846 0.07451923076923077
0 0.7427884615384616 0.3269230769230769 0.13942307692307693 0.14903846153846154
0 0.7379807692307693 0.47115384615384615 0.14903846153846154 0.13701923076923078
0 0.7331730769230769 0.6201923076923077 0.13701923076923078 0.125
0 0.7307692307692307 0.7668269230769231 0.14423076923076922 0.11057692307692307
0 0.8701923076923077 0.20673076923076922 0.13942307692307693 0.08173076923076923
0 0.9014423076923077 0.33413461538461536 0.16346153846153846 0.14903846153846154
0 0.8822115384615384 0.5024038461538461 0.13701923076923078 0.14423076923076922
0 0.8725961538461539 0.6658653846153846 0.13942307692307693 0.15144230769230768
0 0.8774038461538461 0.7932692307692307 0.125 0.06490384615384616