0 0.1045673076923077 0.7103365384615384 0.2091346153846154 0.19471153846153846
0 0.125 0.5432692307692307 0.23798076923076922 0.19951923076923078
0 0.1201923076923077 0.375 0.2283653846153846 0.19230769230769232
0 0.375 0.3894230769230769 0.2668269230769231 0.19951923076923078
0 0.39663461538461536 0.5841346153846154 0.2956730769230769 0.20192307692307693
0 0.37259615384615385 0.7259615384615384 0.28846153846153844 0.16105769230769232
0 0.6802884615384616 0.5913461538461539 0.24278846153846154 0.22355769230769232
0 0.6706730769230769 0.7331730769230769 0.27403846153846156 0.13701923076923078
0 0.90625 0.7259615384615384 0.17548076923076922 0.13221153846153846
0 0.9038461538461539 0.5528846153846154 0.18269230769230768 0.2091346153846154
0 0.6538461538461539 0.4014423076923077 0.25240384615384615 0.20192307692307693
0 0.8822115384615384 0.37740384615384615 0.2091346153846154 0.20192307692307693
0 0.12980769230769232 0.2644230769230769 0.2548076923076923 0.13942307692307693
0 0.37259615384615385 0.24759615384615385 0.25240384615384615 0.12259615384615384
0 0.6370192307692307 0.2548076923076923 0.23557692307692307 0.12980769230769232
0 0.8653846153846154 0.24278846153846154 0.24519230769230768 0.11057692307692307