0 0.27884615384615385 0.4423076923076923 0.33653846153846156 0.16826923076923078
0 0.6538461538461539 0.5576923076923077 0.3942307692307692 0.17307692307692307
0 0.9134615384615384 0.6370192307692307 0.15865384615384615 0.2956730769230769
0 0.2620192307692308 0.6538461538461539 0.38221153846153844 0.28846153846153844
0 0.6875 0.7860576923076923 0.35336538461538464 0.25721153846153844
0 0.9447115384615384 0.8149038461538461 0.09615384615384616 0.12740384615384615
0 0.08653846153846154 0.8389423076923077 0.16826923076923078 0.27403846153846156
0 0.3918269230769231 0.8918269230769231 0.4206730769230769 0.20432692307692307
0 0.8918269230769231 0.09375 0.20432692307692307 0.12740384615384615
0 0.8605769230769231 0.9423076923076923 0.2644230769230769 0.10096153846153846
0 0.8870192307692307 0.25240384615384615 0.21153846153846154 0.17548076923076922
0 0.3605769230769231 0.2692307692307692 0.30528846153846156 0.22115384615384615
0 0.7548076923076923 0.40865384615384615 0.28365384615384615 0.27403846153846156