0 0.37740384615384615 0.49759615384615385 0.0889423076923077 0.09375
0 0.42788461538461536 0.5576923076923077 0.09375 0.0889423076923077
0 0.4639423076923077 0.6201923076923077 0.10096153846153846 0.10336538461538461
0 0.5600961538461539 0.6418269230769231 0.11778846153846154 0.0889423076923077
0 0.5480769230769231 0.5625 0.10817307692307693 0.08413461538461539
0 0.5048076923076923 0.5024038461538461 0.11538461538461539 0.0889423076923077
0 0.5889423076923077 0.4879807692307692 0.08653846153846154 0.08413461538461539
0 0.6754807692307693 0.5144230769230769 0.11057692307692307 0.10096153846153846
0 0.7596153846153846 0.6274038461538461 0.125 0.11778846153846154
0 0.84375 0.6009615384615384 0.08413461538461539 0.10817307692307693
0 0.6442307692307693 0.6201923076923077 0.10336538461538461 0.11538461538461539
0 0.5072115384615384 0.41346153846153844 0.11057692307692307 0.08653846153846154