0 0.5625 0.5432692307692307 0.04326923076923077 0.036057692307692304
0 0.46153846153846156 0.5504807692307693 0.021634615384615384 0.007211538461538462
0 0.5264423076923077 0.5673076923076923 0.05048076923076923 0.05048076923076923
0 0.4543269230769231 0.5865384615384616 0.052884615384615384 0.05048076923076923
0 0.5817307692307693 0.5961538461538461 0.057692307692307696 0.052884615384615384
0 0.6322115384615384 0.6009615384615384 0.03125 0.04326923076923077
0 0.5168269230769231 0.6225961538461539 0.0673076923076923 0.021634615384615384
0 0.7259615384615384 0.38461538461538464 0.04326923076923077 0.04567307692307692
0 0.7884615384615384 0.40384615384615385 0.05048076923076923 0.04326923076923077
0 0.17548076923076922 0.5192307692307693 0.06009615384615385 0.052884615384615384
0 0.25240384615384615 0.5216346153846154 0.052884615384615384 0.057692307692307696