0 0.0889423076923077 0.25 0.10817307692307693 0.0985576923076923
0 0.0985576923076923 0.37259615384615385 0.14182692307692307 0.10576923076923077
0 0.10576923076923077 0.4735576923076923 0.13221153846153846 0.11298076923076923
0 0.2283653846153846 0.5625 0.12980769230769232 0.10576923076923077
0 0.055288461538461536 0.6706730769230769 0.0985576923076923 0.11298076923076923
0 0.18509615384615385 0.6826923076923077 0.13221153846153846 0.10576923076923077
0 0.38221153846153844 0.6971153846153846 0.1346153846153846 0.10096153846153846
0 0.5528846153846154 0.5985576923076923 0.14182692307692307 0.125
0 0.6610576923076923 0.42788461538461536 0.125 0.13221153846153846
0 0.4423076923076923 0.5024038461538461 0.1466346153846154 0.12259615384615384
0 0.38461538461538464 0.39663461538461536 0.13221153846153846 0.12259615384615384
0 0.2548076923076923 0.3701923076923077 0.11778846153846154 0.11298076923076923
0 0.6947115384615384 0.5817307692307693 0.13942307692307693 0.12980769230769232
0 0.8509615384615384 0.5216346153846154 0.125 0.125
0 0.6466346153846154 0.7163461538461539 0.13221153846153846 0.11298076923076923
0 0.8004807692307693 0.40865384615384615 0.14182692307692307 0.12259615384615384
0 0.8365384615384616 0.3004807692307692 0.11298076923076923 0.12259615384615384
0 0.5817307692307693 0.3269230769230769 0.14903846153846154 0.15865384615384615
0 0.46153846153846156 0.29086538461538464 0.12980769230769232 0.125