0 0.1201923076923077 0.2692307692307692 0.19471153846153846 0.15625
0 0.13701923076923078 0.40865384615384615 0.19951923076923078 0.21153846153846154
0 0.25240384615384615 0.5649038461538461 0.20432692307692307 0.17307692307692307
0 0.09134615384615384 0.6538461538461539 0.16826923076923078 0.18028846153846154
0 0.44471153846153844 0.6370192307692307 0.22596153846153846 0.19951923076923078
0 0.2644230769230769 0.7403846153846154 0.22596153846153846 0.19230769230769232
0 0.4182692307692308 0.8197115384615384 0.22596153846153846 0.08413461538461539
0 0.7668269230769231 0.7115384615384616 0.23798076923076922 0.19951923076923078
0 0.6274038461538461 0.6658653846153846 0.21394230769230768 0.19471153846153846
0 0.6802884615384616 0.49278846153846156 0.25721153846153844 0.23317307692307693
0 0.90625 0.4951923076923077 0.17548076923076922 0.14182692307692307
0 0.9134615384615384 0.3293269230769231 0.16105769230769232 0.16826923076923078
0 0.6466346153846154 0.2692307692307692 0.19471153846153846 0.14182692307692307
0 0.3605769230769231 0.4182692307692308 0.15384615384615385 0.19471153846153846
0 0.4855769230769231 0.34615384615384615 0.19230769230769232 0.18028846153846154
0 0.3942307692307692 0.25 0.17307692307692307 0.1658653846153846
0 0.49278846153846156 0.19230769230769232 0.16826923076923078 0.1346153846153846
0 0.24278846153846154 0.1778846153846154 0.16826923076923078 0.10576923076923077
0 0.8581730769230769 0.19230769230769232 0.20432692307692307 0.13701923076923078