0 0.34375 0.4014423076923077 0.22355769230769232 0.21153846153846154
0 0.40625 0.6514423076923077 0.2764423076923077 0.20432692307692307
0 0.12259615384615384 0.6586538461538461 0.2403846153846154 0.17307692307692307
0 0.07692307692307693 0.41586538461538464 0.14903846153846154 0.22355769230769232
0 0.18509615384615385 0.37740384615384615 0.1466346153846154 0.1466346153846154
0 0.6466346153846154 0.6634615384615384 0.22115384615384615 0.17307692307692307
0 0.7379807692307693 0.5504807692307693 0.25 0.18269230769230768
0 0.875 0.6826923076923077 0.22596153846153846 0.14423076923076922
0 0.6129807692307693 0.375 0.23557692307692307 0.18509615384615385
0 0.8629807692307693 0.3173076923076923 0.25721153846153844 0.15384615384615385
0 0.9254807692307693 0.4014423076923077 0.13942307692307693 0.17548076923076922