0 0.8245192307692307 0.5384615384615384 0.11778846153846154 0.10096153846153846
0 0.12740384615384615 0.5528846153846154 0.08653846153846154 0.07932692307692307
0 0.6899038461538461 0.5865384615384616 0.15384615384615385 0.13942307692307693
0 0.3557692307692308 0.6153846153846154 0.1346153846153846 0.11057692307692307
0 0.8966346153846154 0.6322115384615384 0.10096153846153846 0.06490384615384616
0 0.057692307692307696 0.6322115384615384 0.07932692307692307 0.06971153846153846
0 0.5024038461538461 0.6394230769230769 0.1201923076923077 0.1201923076923077
0 0.16826923076923078 0.6682692307692307 0.09375 0.08653846153846154
0 0.41586538461538464 0.71875 0.08653846153846154 0.057692307692307696
0 0.6081730769230769 0.7307692307692307 0.13221153846153846 0.09375
0 0.2932692307692308 0.7355769230769231 0.08653846153846154 0.08413461538461539
0 0.7451923076923077 0.7548076923076923 0.11057692307692307 0.0985576923076923
0 0.0889423076923077 0.7692307692307693 0.11298076923076923 0.06971153846153846
0 0.6586538461538461 0.22115384615384615 0.10096153846153846 0.07211538461538461
0 0.7379807692307693 0.32211538461538464 0.1346153846153846 0.11057692307692307
0 0.5288461538461539 0.3245192307692308 0.15865384615384615 0.125
0 0.3269230769230769 0.33413461538461536 0.13221153846153846 0.0985576923076923
0 0.8725961538461539 0.39663461538461536 0.11298076923076923 0.1346153846153846
0 0.6394230769230769 0.4254807692307692 0.15865384615384615 0.10576923076923077
0 0.45913461538461536 0.47596153846153844 0.16826923076923078 0.13221153846153846
0 0.25 0.5024038461538461 0.16826923076923078 0.08653846153846154
0 0.9471153846153846 0.5192307692307693 0.08653846153846154 0.06971153846153846