0 0.25 0.41586538461538464 0.0625 0.06009615384615385
0 0.3269230769230769 0.4639423076923077 0.0889423076923077 0.08653846153846154
0 0.3894230769230769 0.4855769230769231 0.11298076923076923 0.10096153846153846
0 0.31009615384615385 0.5625 0.10817307692307693 0.08653846153846154
0 0.3629807692307692 0.6394230769230769 0.07692307692307693 0.0673076923076923
0 0.5216346153846154 0.5360576923076923 0.10336538461538461 0.10096153846153846
0 0.6153846153846154 0.5528846153846154 0.10096153846153846 0.11298076923076923
0 0.6442307692307693 0.4519230769230769 0.10817307692307693 0.10096153846153846
0 0.5072115384615384 0.4495192307692308 0.11538461538461539 0.09615384615384616
0 0.5432692307692307 0.3629807692307692 0.10336538461538461 0.0673076923076923
1 0.4639423076923077 0.6274038461538461 0.11778846153846154 0.1201923076923077
1 0.3317307692307692 0.36778846153846156 0.09615384615384616 0.08173076923076923