0 0.4543269230769231 0.30288461538461536 0.11538461538461539 0.11538461538461539
0 0.23798076923076922 0.34134615384615385 0.125 0.11298076923076923
0 0.06490384615384616 0.49278846153846156 0.11538461538461539 0.1346153846153846
0 0.08653846153846154 0.42788461538461536 0.1466346153846154 0.125
0 0.23557692307692307 0.46153846153846156 0.13942307692307693 0.12259615384615384
0 0.13942307692307693 0.65625 0.17307692307692307 0.15625
0 0.25961538461538464 0.5625 0.16105769230769232 0.12980769230769232
0 0.31490384615384615 0.7067307692307693 0.1466346153846154 0.125
0 0.3701923076923077 0.46875 0.11538461538461539 0.10817307692307693
0 0.5072115384615384 0.5096153846153846 0.16826923076923078 0.1346153846153846
0 0.39903846153846156 0.6466346153846154 0.1778846153846154 0.12980769230769232
0 0.5 0.7283653846153846 0.18990384615384615 0.09134615384615384
0 0.5432692307692307 0.625 0.14903846153846154 0.11778846153846154
0 0.6947115384615384 0.5841346153846154 0.1658653846153846 0.1466346153846154
0 0.7932692307692307 0.4567307692307692 0.14903846153846154 0.1346153846153846
0 0.6442307692307693 0.43028846153846156 0.16826923076923078 0.13942307692307693
0 0.6850961538461539 0.34375 0.13942307692307693 0.0985576923076923
0 0.7932692307692307 0.2668269230769231 0.14182692307692307 0.09134615384615384
0 0.9158653846153846 0.41346153846153844 0.15144230769230768 0.10817307692307693
0 0.8485576923076923 0.5697115384615384 0.15865384615384615 0.1346153846153846
0 0.8100961538461539 0.7163461538461539 0.16826923076923078 0.10096153846153846
0 0.9278846153846154 0.6802884615384616 0.1346153846153846 0.12259615384615384
0 0.5552884615384616 0.2764423076923077 0.15865384615384615 0.11538461538461539