0 0.1466346153846154 0.3245192307692308 0.19951923076923078 0.15625
0 0.20432692307692307 0.4206730769230769 0.21394230769230768 0.17307692307692307
0 0.27884615384615385 0.5072115384615384 0.20432692307692307 0.16105769230769232
0 0.31971153846153844 0.2980769230769231 0.19230769230769232 0.16826923076923078
0 0.3918269230769231 0.36538461538461536 0.19951923076923078 0.12980769230769232
0 0.47836538461538464 0.4735576923076923 0.17548076923076922 0.17307692307692307
0 0.6706730769230769 0.4423076923076923 0.20673076923076922 0.16826923076923078
0 0.5889423076923077 0.32211538461538464 0.19230769230769232 0.12980769230769232
0 0.5096153846153846 0.25961538461538464 0.17548076923076922 0.13701923076923078
0 0.6754807692307693 0.19951923076923078 0.16826923076923078 0.13701923076923078
0 0.7644230769230769 0.2860576923076923 0.19471153846153846 0.1346153846153846
0 0.8413461538461539 0.39663461538461536 0.20432692307692307 0.17548076923076922