0 0.17307692307692307 0.3557692307692308 0.125 0.12980769230769232
0 0.2668269230769231 0.31490384615384615 0.125 0.0985576923076923
0 0.2644230769230769 0.38221153846153844 0.12980769230769232 0.09134615384615384
0 0.10576923076923077 0.6634615384615384 0.10817307692307693 0.10817307692307693
0 0.15625 0.7091346153846154 0.12259615384615384 0.09134615384615384
0 0.27403846153846156 0.7331730769230769 0.11538461538461539 0.10336538461538461
0 0.41586538461538464 0.4879807692307692 0.12259615384615384 0.125
0 0.3485576923076923 0.5817307692307693 0.125 0.0985576923076923
0 0.5 0.5889423076923077 0.13701923076923078 0.0889423076923077
0 0.5504807692307693 0.5384615384615384 0.13942307692307693 0.10336538461538461
0 0.6009615384615384 0.28125 0.21153846153846154 0.16346153846153846
0 0.71875 0.6802884615384616 0.23076923076923078 0.20673076923076922
0 0.8245192307692307 0.6322115384615384 0.21153846153846154 0.18269230769230768