0 0.8245192307692307 0.25 0.17067307692307693 0.07932692307692307
0 0.19230769230769232 0.25 0.24519230769230768 0.07211538461538461
0 0.11778846153846154 0.625 0.21875 0.1346153846153846
0 0.8774038461538461 0.6322115384615384 0.2283653846153846 0.11298076923076923
0 0.6274038461538461 0.6394230769230769 0.20192307692307693 0.0889423076923077
0 0.4014423076923077 0.25961538461538464 0.16346153846153846 0.0889423076923077
0 0.625 0.2620192307692308 0.1875 0.08653846153846154
0 0.04326923076923077 0.7259615384615384 0.08653846153846154 0.10576923076923077
0 0.7692307692307693 0.7331730769230769 0.25240384615384615 0.0889423076923077
0 0.2283653846153846 0.7355769230769231 0.25240384615384615 0.08653846153846154
0 0.5048076923076923 0.7379807692307693 0.20432692307692307 0.07932692307692307
0 0.9615384615384616 0.7451923076923077 0.0673076923076923 0.06971153846153846
0 0.08413461538461539 0.3173076923076923 0.16826923076923078 0.10336538461538461
0 0.4831730769230769 0.3293269230769231 0.15384615384615385 0.1201923076923077
0 0.29086538461538464 0.3293269230769231 0.18028846153846154 0.1201923076923077
0 0.9302884615384616 0.34615384615384615 0.12980769230769232 0.08653846153846154
0 0.7355769230769231 0.35336538461538464 0.20432692307692307 0.08413461538461539
0 0.6105769230769231 0.4182692307692308 0.16826923076923078 0.07692307692307693
0 0.14423076923076922 0.4206730769230769 0.20673076923076922 0.07692307692307693
0 0.3918269230769231 0.43509615384615385 0.16826923076923078 0.0889423076923077
0 0.8701923076923077 0.4375 0.20192307692307693 0.06971153846153846
0 0.06490384615384616 0.49759615384615385 0.11778846153846154 0.08653846153846154
0 0.7548076923076923 0.5120192307692307 0.24519230769230768 0.08413461538461539
0 0.27163461538461536 0.5336538461538461 0.22115384615384615 0.11298076923076923
0 0.9471153846153846 0.5360576923076923 0.09375 0.09375
0 0.5144230769230769 0.5384615384615384 0.23557692307692307 0.09615384615384616