1 0.11778846153846154 0.3125 0.20673076923076922 0.18509615384615385
1 0.3798076923076923 0.3605769230769231 0.20673076923076922 0.20192307692307693
1 0.11057692307692307 0.5384615384615384 0.19951923076923078 0.1875
1 0.29086538461538464 0.5649038461538461 0.22355769230769232 0.19471153846153846
1 0.19230769230769232 0.7163461538461539 0.19471153846153846 0.17307692307692307
1 0.4543269230769231 0.5096153846153846 0.18509615384615385 0.15865384615384615
1 0.5216346153846154 0.65625 0.19951923076923078 0.18509615384615385
1 0.7475961538461539 0.5985576923076923 0.21634615384615385 0.22355769230769232
1 0.5841346153846154 0.4206730769230769 0.20192307692307693 0.20673076923076922
1 0.375 0.7259615384615384 0.19951923076923078 0.15625
1 0.6586538461538461 0.27163461538461536 0.19230769230769232 0.19230769230769232
1 0.8942307692307693 0.47115384615384615 0.1778846153846154 0.23076923076923078
1 0.8509615384615384 0.32211538461538464 0.19951923076923078 0.1658653846153846