0 0.17548076923076922 0.35096153846153844 0.22355769230769232 0.20192307692307693
0 0.22355769230769232 0.5600961538461539 0.23798076923076922 0.18990384615384615
0 0.4110576923076923 0.6875 0.19951923076923078 0.19471153846153846
0 0.11538461538461539 0.7355769230769231 0.20673076923076922 0.1875
0 0.6418269230769231 0.41586538461538464 0.19471153846153846 0.18269230769230768
0 0.5480769230769231 0.27163461538461536 0.20192307692307693 0.18269230769230768
0 0.19471153846153846 0.1658653846153846 0.19951923076923078 0.13942307692307693
0 0.41586538461538464 0.16105769230769232 0.21394230769230768 0.1346153846153846
0 0.8221153846153846 0.5168269230769231 0.21394230769230768 0.22355769230769232
0 0.6778846153846154 0.6850961538461539 0.20192307692307693 0.18269230769230768
0 0.8918269230769231 0.7163461538461539 0.19471153846153846 0.21394230769230768
0 0.7836538461538461 0.2668269230769231 0.23557692307692307 0.20192307692307693
1 0.42788461538461536 0.4831730769230769 0.21875 0.20192307692307693