1 0.21394230769230768 0.6802884615384616 0.23076923076923078 0.23076923076923078
1 0.43509615384615385 0.6298076923076923 0.23076923076923078 0.17548076923076922
1 0.6322115384615384 0.5264423076923077 0.16826923076923078 0.16826923076923078
1 0.21153846153846154 0.5384615384615384 0.23076923076923078 0.15625
1 0.22355769230769232 0.31971153846153844 0.12740384615384615 0.11057692307692307
1 0.2932692307692308 0.3894230769230769 0.1658653846153846 0.16105769230769232
1 0.5552884615384616 0.39903846153846156 0.17548076923076922 0.13701923076923078
1 0.8245192307692307 0.2932692307692308 0.16826923076923078 0.12980769230769232
1 0.6875 0.3173076923076923 0.12740384615384615 0.13701923076923078
1 0.5841346153846154 0.78125 0.20432692307692307 0.1466346153846154
1 0.7836538461538461 0.7620192307692307 0.19471153846153846 0.15625
1 0.14903846153846154 0.25 0.12980769230769232 0.11778846153846154
1 0.05889423076923077 0.4110576923076923 0.11778846153846154 0.15865384615384615