0 0.33653846153846156 0.6177884615384616 0.21634615384615385 0.1875
0 0.38221153846153844 0.7668269230769231 0.2283653846153846 0.15625
0 0.24759615384615385 0.8966346153846154 0.16346153846153846 0.1658653846153846
0 0.40625 0.9423076923076923 0.19230769230769232 0.10336538461538461
0 0.5793269230769231 0.8653846153846154 0.19471153846153846 0.14423076923076922
0 0.7115384615384616 0.7307692307692307 0.17067307692307693 0.16346153846153846
0 0.7451923076923077 0.8942307692307693 0.16346153846153846 0.16346153846153846
0 0.53125 0.6370192307692307 0.19951923076923078 0.1778846153846154
0 0.6274038461538461 0.5216346153846154 0.19471153846153846 0.12980769230769232
0 0.7692307692307693 0.5721153846153846 0.11057692307692307 0.13221153846153846
0 0.4326923076923077 0.5 0.1875 0.15144230769230768
0 0.30528846153846156 0.4182692307692308 0.2283653846153846 0.16346153846153846
0 0.4639423076923077 0.3701923076923077 0.16346153846153846 0.17307692307692307
0 0.6394230769230769 0.36778846153846156 0.18509615384615385 0.13942307692307693
0 0.625 0.24519230769230768 0.18509615384615385 0.16346153846153846
0 0.41586538461538464 0.23076923076923078 0.19471153846153846 0.14423076923076922
0 0.2548076923076923 0.27403846153846156 0.15625 0.15625
0 0.3293269230769231 0.125 0.20192307692307693 0.15144230769230768
0 0.5408653846153846 0.12740384615384615 0.1778846153846154 0.13221153846153846
0 0.7043269230769231 0.09375 0.13942307692307693 0.12259615384615384
0 0.7692307692307693 0.1778846153846154 0.11538461538461539 0.125