0 0.7764423076923077 0.5793269230769231 0.15865384615384615 0.14182692307692307
0 0.3798076923076923 0.59375 0.14182692307692307 0.06490384615384616
0 0.1875 0.6009615384615384 0.14903846153846154 0.11298076923076923
0 0.6442307692307693 0.6490384615384616 0.25 0.14182692307692307
0 0.4230769230769231 0.7043269230769231 0.16826923076923078 0.10576923076923077
0 0.6995192307692307 0.4230769230769231 0.12980769230769232 0.07932692307692307
0 0.8701923076923077 0.43990384615384615 0.10096153846153846 0.07451923076923077
0 0.7644230769230769 0.45913461538461536 0.19471153846153846 0.06971153846153846
0 0.47115384615384615 0.4807692307692308 0.1346153846153846 0.052884615384615384
0 0.9399038461538461 0.5264423076923077 0.08653846153846154 0.06971153846153846
0 0.5697115384615384 0.5336538461538461 0.18269230769230768 0.10096153846153846