0 0.07932692307692307 0.47115384615384615 0.1201923076923077 0.10576923076923077
0 0.07692307692307693 0.5865384615384616 0.10817307692307693 0.10336538461538461
0 0.20673076923076922 0.44471153846153844 0.14182692307692307 0.1201923076923077
0 0.2091346153846154 0.5360576923076923 0.13942307692307693 0.1466346153846154
0 0.3317307692307692 0.5985576923076923 0.14182692307692307 0.13942307692307693
0 0.37259615384615385 0.3557692307692308 0.12980769230769232 0.09615384615384616
0 0.5216346153846154 0.4423076923076923 0.13701923076923078 0.15384615384615385
0 0.5048076923076923 0.5649038461538461 0.1658653846153846 0.13221153846153846
0 0.5697115384615384 0.6225961538461539 0.12259615384615384 0.13221153846153846
0 0.6730769230769231 0.3485576923076923 0.10817307692307693 0.07932692307692307
0 0.6586538461538461 0.4423076923076923 0.15865384615384615 0.12259615384615384
0 0.6754807692307693 0.5673076923076923 0.13701923076923078 0.12259615384615384
0 0.7788461538461539 0.4879807692307692 0.1466346153846154 0.1201923076923077
0 0.7764423076923077 0.6033653846153846 0.14903846153846154 0.13942307692307693
0 0.9134615384615384 0.3293269230769231 0.13701923076923078 0.12259615384615384
0 0.9230769230769231 0.43028846153846156 0.125 0.10336538461538461
0 0.9254807692307693 0.5528846153846154 0.13221153846153846 0.11298076923076923