0 0.8173076923076923 0.5985576923076923 0.14423076923076922 0.125
0 0.6129807692307693 0.6033653846153846 0.17307692307692307 0.14903846153846154
0 0.23557692307692307 0.6778846153846154 0.12980769230769232 0.07211538461538461
0 0.4230769230769231 0.6802884615384616 0.18509615384615385 0.14423076923076922
0 0.625 0.7115384615384616 0.13942307692307693 0.0889423076923077
0 0.6274038461538461 0.32211538461538464 0.14423076923076922 0.13221153846153846
0 0.4230769230769231 0.3557692307692308 0.14903846153846154 0.13221153846153846
0 0.7163461538461539 0.3894230769230769 0.11538461538461539 0.07211538461538461
0 0.8221153846153846 0.39663461538461536 0.13221153846153846 0.125
0 0.5649038461538461 0.44711538461538464 0.17307692307692307 0.125
0 0.3269230769230769 0.47596153846153844 0.1778846153846154 0.125
0 0.8918269230769231 0.5144230769230769 0.11057692307692307 0.09615384615384616
0 0.7355769230769231 0.5168269230769231 0.19951923076923078 0.12980769230769232
0 0.3942307692307692 0.5240384615384616 0.20192307692307693 0.12980769230769232
0 0.15384615384615385 0.5264423076923077 0.1778846153846154 0.125