0 0.13221153846153846 0.34375 0.12259615384615384 0.10096153846153846
0 0.11538461538461539 0.5072115384615384 0.14423076923076922 0.125
0 0.22355769230769232 0.6586538461538461 0.15865384615384615 0.14423076923076922
0 0.2644230769230769 0.39663461538461536 0.12259615384615384 0.10817307692307693
0 0.38221153846153844 0.5024038461538461 0.13942307692307693 0.14423076923076922
0 0.29086538461538464 0.25961538461538464 0.10096153846153846 0.11538461538461539
0 0.4110576923076923 0.3317307692307692 0.10336538461538461 0.10817307692307693
0 0.4831730769230769 0.6586538461538461 0.14423076923076922 0.14423076923076922
0 0.5336538461538461 0.41586538461538464 0.10817307692307693 0.11538461538461539
0 0.6442307692307693 0.5144230769230769 0.13221153846153846 0.13701923076923078
0 0.7475961538461539 0.6466346153846154 0.14423076923076922 0.15625
0 0.9014423076923077 0.5336538461538461 0.15625 0.125
0 0.7908653846153846 0.42788461538461536 0.12259615384615384 0.11057692307692307
0 0.5432692307692307 0.2548076923076923 0.11057692307692307 0.10336538461538461
0 0.6682692307692307 0.3245192307692308 0.10096153846153846 0.12259615384615384
0 0.8028846153846154 0.25961538461538464 0.11538461538461539 0.10096153846153846
0 0.8990384615384616 0.33653846153846156 0.10336538461538461 0.11538461538461539