0 0.07211538461538461 0.6346153846153846 0.13942307692307693 0.18990384615384615
0 0.32211538461538464 0.4831730769230769 0.1466346153846154 0.1778846153846154
0 0.4519230769230769 0.46634615384615385 0.1875 0.1778846153846154
0 0.6298076923076923 0.43509615384615385 0.19471153846153846 0.18509615384615385
0 0.44471153846153844 0.6418269230769231 0.15625 0.16826923076923078
0 0.59375 0.6322115384615384 0.18990384615384615 0.20673076923076922
0 0.7451923076923077 0.6802884615384616 0.17067307692307693 0.12740384615384615
0 0.78125 0.5432692307692307 0.1778846153846154 0.17548076923076922
0 0.8894230769230769 0.5649038461538461 0.16826923076923078 0.1658653846153846
0 0.46153846153846156 0.3485576923076923 0.18028846153846154 0.14423076923076922
0 0.6442307692307693 0.2932692307692308 0.18028846153846154 0.07451923076923077