0 0.25721153846153844 0.3894230769230769 0.15865384615384615 0.12740384615384615
0 0.046875 0.44591346153846156 0.09375 0.15625
0 0.18990384615384615 0.5120192307692307 0.16105769230769232 0.14182692307692307
0 0.3581730769230769 0.5384615384615384 0.14423076923076922 0.14903846153846154
0 0.18990384615384615 0.6201923076923077 0.11778846153846154 0.0985576923076923
0 0.6370192307692307 0.5288461538461539 0.17067307692307693 0.12259615384615384
0 0.49278846153846156 0.5913461538461539 0.1778846153846154 0.15384615384615385
0 0.39663461538461536 0.4182692307692308 0.15144230769230768 0.12740384615384615
0 0.5072115384615384 0.4519230769230769 0.125 0.13221153846153846
0 0.6105769230769231 0.41346153846153844 0.13221153846153846 0.11538461538461539
0 0.7379807692307693 0.3798076923076923 0.17307692307692307 0.10576923076923077
0 0.7980769230769231 0.5120192307692307 0.15144230769230768 0.1346153846153846
0 0.7884615384615384 0.6177884615384616 0.16105769230769232 0.09615384615384616
0 0.9495192307692307 0.44471153846153844 0.09375 0.16105769230769232
0 0.9182692307692307 0.5745192307692307 0.12980769230769232 0.14423076923076922