0 0.08052884615384616 0.3112980769230769 0.16105769230769232 0.15625
0 0.3173076923076923 0.46634615384615385 0.23317307692307693 0.2091346153846154
0 0.12259615384615384 0.6610576923076923 0.23798076923076922 0.1778846153846154
0 0.3293269230769231 0.6514423076923077 0.1971153846153846 0.18028846153846154
0 0.14903846153846154 0.4639423076923077 0.18269230769230768 0.18990384615384615
0 0.5024038461538461 0.4014423076923077 0.16826923076923078 0.14423076923076922
0 0.4855769230769231 0.5793269230769231 0.19951923076923078 0.1875
0 0.3389423076923077 0.3245192307692308 0.1875 0.13942307692307693
0 0.6850961538461539 0.46634615384615385 0.15144230769230768 0.17307692307692307
0 0.7668269230769231 0.6418269230769231 0.20432692307692307 0.18028846153846154
0 0.9086538461538461 0.4831730769230769 0.17067307692307693 0.13942307692307693