0 0.18269230769230768 0.37259615384615385 0.21394230769230768 0.23557692307692307
0 0.07451923076923077 0.5985576923076923 0.14423076923076922 0.19951923076923078
0 0.27163461538461536 0.5817307692307693 0.20192307692307693 0.2091346153846154
0 0.125 0.7692307692307693 0.23557692307692307 0.11538461538461539
0 0.36778846153846156 0.7644230769230769 0.2283653846153846 0.12259615384615384
0 0.6105769230769231 0.7692307692307693 0.23076923076923078 0.11057692307692307
0 0.84375 0.7788461538461539 0.20673076923076922 0.09375
0 0.4951923076923077 0.5985576923076923 0.21394230769230768 0.19471153846153846
0 0.6033653846153846 0.3894230769230769 0.22115384615384615 0.1778846153846154
0 0.49759615384615385 0.23076923076923078 0.2091346153846154 0.125
0 0.7307692307692307 0.2283653846153846 0.22355769230769232 0.11057692307692307
0 0.8245192307692307 0.3894230769230769 0.22355769230769232 0.2283653846153846
0 0.8942307692307693 0.6201923076923077 0.18028846153846154 0.1875
0 0.07572115384615384 0.22355769230769232 0.15144230769230768 0.1201923076923077
0 0.9182692307692307 0.2403846153846154 0.13701923076923078 0.15144230769230768
1 0.39663461538461536 0.40384615384615385 0.2283653846153846 0.23557692307692307
1 0.7115384615384616 0.6274038461538461 0.2091346153846154 0.23798076923076922