0 0.15625 0.24519230769230768 0.1658653846153846 0.16346153846153846
0 0.35336538461538464 0.27163461538461536 0.17307692307692307 0.1658653846153846
0 0.5336538461538461 0.2764423076923077 0.12740384615384615 0.15144230769230768
0 0.7115384615384616 0.2692307692307692 0.13701923076923078 0.1658653846153846
0 0.8846153846153846 0.2764423076923077 0.14903846153846154 0.1346153846153846
0 0.10817307692307693 0.4879807692307692 0.14423076923076922 0.17067307692307693
0 0.31009615384615385 0.4855769230769231 0.1658653846153846 0.17067307692307693
0 0.5144230769230769 0.4855769230769231 0.15865384615384615 0.16346153846153846
0 0.7139423076923077 0.4807692307692308 0.17307692307692307 0.19471153846153846
0 0.9014423076923077 0.5024038461538461 0.15625 0.15144230769230768
0 0.1466346153846154 0.7139423076923077 0.16346153846153846 0.15865384615384615
0 0.33653846153846156 0.7307692307692307 0.1346153846153846 0.12980769230769232
0 0.5144230769230769 0.7163461538461539 0.14903846153846154 0.15144230769230768
0 0.7115384615384616 0.7307692307692307 0.13701923076923078 0.12259615384615384
0 0.8990384615384616 0.7235576923076923 0.14182692307692307 0.14182692307692307