0 0.10817307692307693 0.20192307692307693 0.18028846153846154 0.06009615384615385
0 0.18509615384615385 0.5673076923076923 0.1875 0.11778846153846154
0 0.5673076923076923 0.5697115384615384 0.21394230769230768 0.21394230769230768
0 0.7451923076923077 0.6442307692307693 0.10096153846153846 0.09375
0 0.04447115384615385 0.6694711538461539 0.0889423076923077 0.1658653846153846
0 0.3942307692307692 0.6899038461538461 0.13221153846153846 0.1778846153846154
0 0.8966346153846154 0.6899038461538461 0.13701923076923078 0.18509615384615385
0 0.5576923076923077 0.7307692307692307 0.17067307692307693 0.10817307692307693
0 0.17067307692307693 0.7331730769230769 0.1778846153846154 0.18509615384615385
0 0.3125 0.22355769230769232 0.18509615384615385 0.10096153846153846
0 0.7091346153846154 0.7692307692307693 0.15625 0.11057692307692307
0 0.5216346153846154 0.8052884615384616 0.17307692307692307 0.04326923076923077
0 0.7764423076923077 0.23557692307692307 0.1658653846153846 0.13942307692307693
0 0.5120192307692307 0.2403846153846154 0.15144230769230768 0.08653846153846154
0 0.9110576923076923 0.28365384615384615 0.07211538461538461 0.15865384615384615
0 0.15144230769230768 0.30528846153846156 0.18028846153846154 0.12980769230769232
0 0.6923076923076923 0.34375 0.09375 0.13942307692307693
0 0.34134615384615385 0.35096153846153844 0.13221153846153846 0.10096153846153846
0 0.5456730769230769 0.3581730769230769 0.16346153846153846 0.17307692307692307
0 0.6442307692307693 0.19471153846153846 0.13221153846153846 0.04567307692307692
0 0.21634615384615385 0.45913461538461536 0.15865384615384615 0.14423076923076922
0 0.5745192307692307 0.4639423076923077 0.10096153846153846 0.07451923076923077
0 0.7692307692307693 0.47115384615384615 0.14423076923076922 0.2091346153846154
0 0.05048076923076923 0.4735576923076923 0.09375 0.20192307692307693
0 0.9182692307692307 0.4855769230769231 0.09375 0.13701923076923078
0 0.38221153846153844 0.49278846153846156 0.13221153846153846 0.10817307692307693