0 0.4254807692307692 0.46634615384615385 0.11057692307692307 0.10336538461538461
0 0.5288461538461539 0.46153846153846156 0.08413461538461539 0.11057692307692307
0 0.6057692307692307 0.4855769230769231 0.08653846153846154 0.08653846153846154
0 0.6706730769230769 0.7307692307692307 0.13701923076923078 0.12259615384615384
0 0.7764423076923077 0.7067307692307693 0.11778846153846154 0.11538461538461539
0 0.8221153846153846 0.8076923076923077 0.12740384615384615 0.0985576923076923
0 0.6899038461538461 0.23076923076923078 0.0985576923076923 0.10336538461538461
0 0.7355769230769231 0.2932692307692308 0.0985576923076923 0.10576923076923077
0 0.8557692307692307 0.4375 0.12980769230769232 0.11057692307692307
0 0.3245192307692308 0.29086538461538464 0.10336538461538461 0.10336538461538461
0 0.4254807692307692 0.20432692307692307 0.10336538461538461 0.08413461538461539