0 0.09134615384615384 0.5384615384615384 0.15144230769230768 0.13701923076923078
0 0.1346153846153846 0.6418269230769231 0.18028846153846154 0.11778846153846154
0 0.07692307692307693 0.7163461538461539 0.1346153846153846 0.07932692307692307
0 0.2091346153846154 0.7019230769230769 0.12740384615384615 0.10096153846153846
0 0.3245192307692308 0.6009615384615384 0.17307692307692307 0.14182692307692307
0 0.3485576923076923 0.7091346153846154 0.17548076923076922 0.09134615384615384
0 0.23557692307692307 0.5336538461538461 0.15144230769230768 0.1466346153846154
0 0.375 0.44471153846153844 0.17067307692307693 0.14182692307692307
0 0.22115384615384615 0.33653846153846156 0.14182692307692307 0.13701923076923078
0 0.5048076923076923 0.37740384615384615 0.16346153846153846 0.1346153846153846
0 0.6682692307692307 0.42788461538461536 0.2091346153846154 0.18028846153846154
0 0.49759615384615385 0.5432692307692307 0.18990384615384615 0.15144230769230768
0 0.5288461538461539 0.6754807692307693 0.19471153846153846 0.14423076923076922
0 0.7115384615384616 0.6586538461538461 0.18028846153846154 0.15144230769230768
0 0.8798076923076923 0.65625 0.18028846153846154 0.18509615384615385
0 0.8317307692307693 0.5072115384615384 0.17548076923076922 0.17067307692307693
0 0.7668269230769231 0.33653846153846156 0.15384615384615385 0.1346153846153846
0 0.90625 0.33653846153846156 0.15384615384615385 0.1466346153846154