0 0.4326923076923077 0.5528846153846154 0.20192307692307693 0.09615384615384616
0 0.9447115384615384 0.5600961538461539 0.10096153846153846 0.15384615384615385
0 0.6682692307692307 0.6033653846153846 0.13942307692307693 0.12259615384615384
0 0.17307692307692307 0.6105769230769231 0.1201923076923077 0.08653846153846154
0 0.8533653846153846 0.6225961538461539 0.14423076923076922 0.12980769230769232
0 0.8870192307692307 0.6442307692307693 0.15625 0.0673076923076923
0 0.41586538461538464 0.6658653846153846 0.22115384615384615 0.07932692307692307
0 0.05048076923076923 0.6754807692307693 0.04326923076923077 0.04326923076923077
0 0.6274038461538461 0.6899038461538461 0.16346153846153846 0.13701923076923078
0 0.24278846153846154 0.6899038461538461 0.11057692307692307 0.055288461538461536
0 0.5096153846153846 0.2620192307692308 0.15384615384615385 0.07692307692307693
0 0.47836538461538464 0.7355769230769231 0.21153846153846154 0.08653846153846154
0 0.7980769230769231 0.7379807692307693 0.22355769230769232 0.055288461538461536
0 0.17067307692307693 0.7379807692307693 0.15384615384615385 0.06971153846153846
0 0.07932692307692307 0.7524038461538461 0.1201923076923077 0.038461538461538464
0 0.8509615384615384 0.28365384615384615 0.08653846153846154 0.10096153846153846
0 0.9639423076923077 0.28846153846153844 0.0625 0.11057692307692307
0 0.7139423076923077 0.2956730769230769 0.09615384615384616 0.09375
0 0.40865384615384615 0.3173076923076923 0.1346153846153846 0.10096153846153846
0 0.9134615384615384 0.37259615384615385 0.11057692307692307 0.13701923076923078
0 0.5504807692307693 0.3798076923076923 0.10576923076923077 0.0889423076923077
0 0.5288461538461539 0.39903846153846156 0.18990384615384615 0.1201923076923077
0 0.71875 0.41346153846153844 0.16826923076923078 0.10096153846153846
0 0.3581730769230769 0.43509615384615385 0.1346153846153846 0.10576923076923077
0 0.7788461538461539 0.4807692307692308 0.1466346153846154 0.11298076923076923
0 0.13942307692307693 0.5288461538461539 0.13701923076923078 0.09615384615384616
0 0.24519230769230768 0.5384615384615384 0.0889423076923077 0.09615384615384616