0 0.17548076923076922 0.3942307692307692 0.23317307692307693 0.22355769230769232
0 0.20432692307692307 0.6947115384615384 0.28365384615384615 0.28365384615384615
0 0.46153846153846156 0.40384615384615385 0.23798076923076922 0.23317307692307693
0 0.3245192307692308 0.2980769230769231 0.24278846153846154 0.20673076923076922
0 0.1466346153846154 0.20192307692307693 0.22596153846153846 0.15384615384615385
0 0.6153846153846154 0.2403846153846154 0.2644230769230769 0.22596153846153846
0 0.4831730769230769 0.6538461538461539 0.25721153846153844 0.2548076923076923
0 0.7668269230769231 0.65625 0.2764423076923077 0.2548076923076923
0 0.7932692307692307 0.40384615384615385 0.2692307692307692 0.25
0 0.6490384615384616 0.5240384615384616 0.21875 0.1875
0 0.32211538461538464 0.5192307692307693 0.18028846153846154 0.17307692307692307