0 0.1346153846153846 0.5432692307692307 0.2091346153846154 0.17548076923076922
0 0.12980769230769232 0.7235576923076923 0.1875 0.14423076923076922
0 0.3173076923076923 0.6754807692307693 0.2091346153846154 0.17548076923076922
0 0.3557692307692308 0.4230769230769231 0.21634615384615385 0.18269230769230768
0 0.078125 0.2980769230769231 0.15625 0.22596153846153846
0 0.27884615384615385 0.3125 0.20673076923076922 0.21634615384615385
0 0.6129807692307693 0.7163461538461539 0.22115384615384615 0.14423076923076922
0 0.8942307692307693 0.6298076923076923 0.20192307692307693 0.17548076923076922
0 0.8004807692307693 0.4423076923076923 0.21394230769230768 0.17548076923076922
0 0.8557692307692307 0.2644230769230769 0.1875 0.15625
0 0.6706730769230769 0.28125 0.1971153846153846 0.18028846153846154
0 0.49038461538461536 0.24278846153846154 0.2283653846153846 0.17548076923076922
1 0.5769230769230769 0.3942307692307692 0.20192307692307693 0.1875