0 0.25240384615384615 0.38221153846153844 0.14423076923076922 0.15625
0 0.5889423076923077 0.45913461538461536 0.17307692307692307 0.16346153846153846
0 0.42788461538461536 0.4807692307692308 0.15625 0.13221153846153846
0 0.7644230769230769 0.49278846153846156 0.12259615384615384 0.1875
0 0.5769230769230769 0.6754807692307693 0.24278846153846154 0.18028846153846154
0 0.4014423076923077 0.8725961538461539 0.31971153846153844 0.24519230769230768
0 0.6971153846153846 0.90625 0.25721153846153844 0.17067307692307693
0 0.3293269230769231 0.09615384615384616 0.21634615384615385 0.17067307692307693
0 0.21875 0.17307692307692307 0.10817307692307693 0.15865384615384615
0 0.5456730769230769 0.21394230769230768 0.14423076923076922 0.18028846153846154
0 0.3942307692307692 0.29086538461538464 0.14423076923076922 0.11538461538461539
0 0.7067307692307693 0.3317307692307692 0.14423076923076922 0.13221153846153846