0 0.07389937106918239 0.7704402515723271 0.14150943396226415 0.3836477987421384
0 0.3223270440251572 0.46855345911949686 0.14779874213836477 0.3584905660377358
0 0.4528301886792453 0.4371069182389937 0.18867924528301888 0.3584905660377358
0 0.6320754716981132 0.3742138364779874 0.1949685534591195 0.3710691823899371
0 0.44654088050314467 0.7861635220125787 0.15723270440251572 0.33962264150943394
0 0.5959119496855346 0.7672955974842768 0.1918238993710692 0.41509433962264153
0 0.7468553459119497 0.8647798742138365 0.17295597484276728 0.2578616352201258
0 0.7814465408805031 0.5911949685534591 0.1792452830188679 0.3522012578616352
0 0.889937106918239 0.6320754716981132 0.16981132075471697 0.3333333333333333
0 0.46226415094339623 0.20125786163522014 0.18238993710691823 0.2893081761006289
0 0.6446540880503144 0.0880503144654088 0.18238993710691823 0.1509433962264151