0 0.7766666666666666 0.6458333333333334 0.16 0.25595238095238093
0 0.38166666666666665 0.6726190476190477 0.14333333333333334 0.11904761904761904
0 0.18833333333333332 0.6845238095238095 0.15 0.20238095238095238
0 0.645 0.7708333333333334 0.25 0.25595238095238093
0 0.425 0.8690476190476191 0.17 0.19047619047619047
0 0.7016666666666667 0.36904761904761907 0.13 0.14285714285714285
0 0.8716666666666667 0.3958333333333333 0.10333333333333333 0.13690476190476192
0 0.765 0.43154761904761907 0.19666666666666666 0.125
0 0.4716666666666667 0.47023809523809523 0.13666666666666666 0.09523809523809523
0 0.94 0.5505952380952381 0.08666666666666667 0.125
0 0.5716666666666667 0.5625 0.18333333333333332 0.18452380952380953