0 0.15693430656934307 0.12228260869565218 0.1678832116788321 0.24456521739130435
0 0.354014598540146 0.16304347826086957 0.17518248175182483 0.25
0 0.5346715328467153 0.16847826086956522 0.12773722627737227 0.22826086956521738
0 0.7116788321167883 0.15760869565217392 0.1386861313868613 0.25
0 0.885036496350365 0.17119565217391305 0.14963503649635038 0.20108695652173914
0 0.10948905109489052 0.48641304347826086 0.145985401459854 0.2554347826086957
0 0.3102189781021898 0.48097826086956524 0.1678832116788321 0.2554347826086957
0 0.5145985401459854 0.48097826086956524 0.16058394160583941 0.24456521739130435
0 0.7153284671532847 0.47282608695652173 0.17518248175182483 0.29347826086956524
0 0.9032846715328468 0.5054347826086957 0.15693430656934307 0.22826086956521738
0 0.1478102189781022 0.8206521739130435 0.16423357664233576 0.2391304347826087
0 0.3375912408759124 0.8478260869565217 0.13503649635036497 0.1956521739130435
0 0.5164233576642335 0.8260869565217391 0.14963503649635038 0.22826086956521738
0 0.7116788321167883 0.8478260869565217 0.1386861313868613 0.18478260869565216
0 0.8996350364963503 0.8342391304347826 0.14233576642335766 0.21195652173913043