0 0.8265682656826568 0.5591397849462365 0.11808118081180811 0.15053763440860216
0 0.12915129151291513 0.5806451612903226 0.08856088560885608 0.11827956989247312
0 0.6900369003690037 0.6290322580645161 0.15498154981549817 0.20430107526881722
0 0.35608856088560886 0.6720430107526881 0.13653136531365315 0.16129032258064516
0 0.8966789667896679 0.6935483870967742 0.1033210332103321 0.0967741935483871
0 0.05904059040590406 0.696236559139785 0.08118081180811808 0.10215053763440861
0 0.503690036900369 0.706989247311828 0.12177121771217712 0.1774193548387097
0 0.16974169741697417 0.7473118279569892 0.0959409594095941 0.12903225806451613
0 0.41697416974169743 0.8225806451612904 0.08856088560885608 0.08602150537634409
0 0.6088560885608856 0.8387096774193549 0.13284132841328414 0.13978494623655913
0 0.2952029520295203 0.8467741935483871 0.08856088560885608 0.12365591397849462
0 0.7453874538745388 0.8736559139784946 0.11070110701107011 0.14516129032258066
0 0.09040590405904059 0.8951612903225806 0.11439114391143912 0.10215053763440861
0 0.6605166051660517 0.0967741935483871 0.1033210332103321 0.10752688172043011
0 0.7398523985239852 0.24193548387096775 0.13653136531365315 0.16129032258064516
0 0.5295202952029521 0.24731182795698925 0.15867158671586715 0.1827956989247312
0 0.3284132841328413 0.260752688172043 0.13284132841328414 0.14516129032258066
0 0.8726937269372693 0.3521505376344086 0.11439114391143912 0.1989247311827957
0 0.6402214022140221 0.3951612903225806 0.15867158671586715 0.15591397849462366
0 0.4612546125461255 0.46774193548387094 0.16974169741697417 0.1935483870967742
0 0.25092250922509224 0.5053763440860215 0.16974169741697417 0.12903225806451613
0 0.948339483394834 0.5295698924731183 0.08856088560885608 0.10215053763440861