0 0.17537313432835822 0.29521276595744683 0.12686567164179105 0.18617021276595744
0 0.26865671641791045 0.23670212765957446 0.12686567164179105 0.14361702127659576
0 0.2667910447761194 0.3324468085106383 0.13059701492537312 0.13297872340425532
0 0.10634328358208955 0.7367021276595744 0.10820895522388059 0.15425531914893617
0 0.15858208955223882 0.800531914893617 0.12313432835820895 0.13297872340425532
0 0.27425373134328357 0.8351063829787234 0.11567164179104478 0.14893617021276595
0 0.416044776119403 0.48404255319148937 0.12313432835820895 0.18085106382978725
0 0.35074626865671643 0.6196808510638298 0.12686567164179105 0.14361702127659576
0 0.5018656716417911 0.6276595744680851 0.13805970149253732 0.1276595744680851
0 0.5522388059701493 0.5585106382978723 0.1417910447761194 0.14893617021276595
0 0.6026119402985075 0.19148936170212766 0.2126865671641791 0.23404255319148937
0 0.7201492537313433 0.7606382978723404 0.23134328358208955 0.2978723404255319
0 0.8264925373134329 0.6888297872340425 0.2126865671641791 0.26063829787234044