0 0.16538461538461538 0.6030927835051546 0.11538461538461539 0.08247422680412371
0 0.8115384615384615 0.6185567010309279 0.13076923076923078 0.20618556701030927
0 0.9365384615384615 0.6417525773195877 0.11923076923076924 0.19072164948453607
0 0.07307692307692308 0.7087628865979382 0.14615384615384616 0.20103092783505155
0 0.7538461538461538 0.7938144329896907 0.13846153846153847 0.20618556701030927
0 0.2230769230769231 0.7989690721649485 0.13076923076923078 0.21649484536082475
0 0.5884615384615385 0.8015463917525774 0.1076923076923077 0.18041237113402062
0 0.38076923076923075 0.8015463917525774 0.19230769230769232 0.15979381443298968
0 0.9307692307692308 0.8582474226804123 0.13076923076923078 0.19072164948453607
0 0.676923076923077 0.9381443298969072 0.23076923076923078 0.1134020618556701
0 0.49423076923076925 0.9561855670103093 0.15 0.07731958762886598
0 0.5269230769230769 0.14175257731958762 0.015384615384615385 0.02577319587628866
0 0.46153846153846156 0.16237113402061856 0.1 0.06701030927835051
0 0.5615384615384615 0.18041237113402062 0.07692307692307693 0.10309278350515463
0 0.6307692307692307 0.26804123711340205 0.13076923076923078 0.12371134020618557
0 0.46153846153846156 0.3170103092783505 0.13846153846153847 0.25257731958762886
0 0.6288461538461538 0.44072164948453607 0.17307692307692307 0.19072164948453607
0 0.17307692307692307 0.44329896907216493 0.06923076923076923 0.15463917525773196
0 0.08076923076923077 0.4742268041237113 0.13076923076923078 0.14432989690721648
0 0.34807692307692306 0.4742268041237113 0.15 0.15463917525773196
0 0.8192307692307692 0.48195876288659795 0.08461538461538462 0.08762886597938144