0 0.455 0.15178571428571427 0.11666666666666667 0.20833333333333334
0 0.24 0.22023809523809523 0.12666666666666668 0.20238095238095238
0 0.065 0.49107142857142855 0.11666666666666667 0.24404761904761904
0 0.08666666666666667 0.375 0.14666666666666667 0.2261904761904762
0 0.23666666666666666 0.4375 0.14 0.22023809523809523
0 0.14 0.7827380952380952 0.17333333333333334 0.27976190476190477
0 0.26166666666666666 0.6160714285714286 0.16333333333333333 0.23214285714285715
0 0.31666666666666665 0.875 0.14666666666666667 0.2261904761904762
0 0.37166666666666665 0.4494047619047619 0.11666666666666667 0.19642857142857142
0 0.5083333333333333 0.5208333333333334 0.17 0.24404761904761904
0 0.4 0.7648809523809523 0.18 0.23214285714285715
0 0.5016666666666667 0.9107142857142857 0.19 0.16666666666666666
0 0.545 0.7261904761904762 0.15 0.21428571428571427
0 0.6966666666666667 0.6547619047619048 0.16666666666666666 0.2619047619047619
0 0.795 0.4255952380952381 0.15 0.24404761904761904
0 0.645 0.38095238095238093 0.17 0.25
0 0.6866666666666666 0.2261904761904762 0.14 0.17857142857142858
0 0.795 0.08928571428571429 0.14333333333333334 0.16666666666666666
0 0.9166666666666666 0.3482142857142857 0.15333333333333332 0.19642857142857142
0 0.85 0.6279761904761905 0.16 0.24404761904761904
0 0.8116666666666666 0.8898809523809523 0.17 0.18452380952380953
0 0.9283333333333333 0.8244047619047619 0.13666666666666666 0.22023809523809523
0 0.5566666666666666 0.10416666666666667 0.16 0.20833333333333334