0 0.1056338028169014 0.8389830508474576 0.2112676056338028 0.3107344632768362
0 0.1267605633802817 0.5734463276836158 0.23943661971830985 0.3220338983050847
0 0.12147887323943662 0.3022598870056497 0.22887323943661972 0.3107344632768362
0 0.3767605633802817 0.3248587570621469 0.2676056338028169 0.3220338983050847
0 0.397887323943662 0.6384180790960452 0.29577464788732394 0.327683615819209
0 0.3732394366197183 0.864406779661017 0.2887323943661972 0.2598870056497175
0 0.6813380281690141 0.6497175141242938 0.24295774647887325 0.3615819209039548
0 0.6725352112676056 0.8785310734463276 0.2746478873239437 0.22033898305084745
0 0.9084507042253521 0.864406779661017 0.176056338028169 0.21468926553672316
0 0.9049295774647887 0.5875706214689266 0.18309859154929578 0.3389830508474576
0 0.6549295774647887 0.3446327683615819 0.2535211267605634 0.327683615819209
0 0.8838028169014085 0.3050847457627119 0.2112676056338028 0.327683615819209
0 0.13204225352112675 0.12429378531073447 0.25704225352112675 0.22598870056497175
0 0.3732394366197183 0.09887005649717515 0.2535211267605634 0.1977401129943503
0 0.6390845070422535 0.11016949152542373 0.23591549295774647 0.20903954802259886
0 0.8661971830985915 0.0903954802259887 0.24647887323943662 0.1807909604519774