0 0.13454545454545455 0.2677595628415301 0.12363636363636364 0.15300546448087432
0 0.11636363636363636 0.5163934426229508 0.14545454545454545 0.1912568306010929
0 0.22545454545454546 0.7431693989071039 0.16 0.2185792349726776
0 0.26545454545454544 0.34972677595628415 0.12363636363636364 0.16393442622950818
0 0.3836363636363636 0.5081967213114754 0.14181818181818182 0.2185792349726776
0 0.2909090909090909 0.14207650273224043 0.10181818181818182 0.17486338797814208
0 0.4127272727272727 0.25136612021857924 0.10545454545454545 0.16393442622950818
0 0.48363636363636364 0.7431693989071039 0.14545454545454545 0.2185792349726776
0 0.5345454545454545 0.3770491803278688 0.10909090909090909 0.17486338797814208
0 0.6454545454545455 0.5245901639344263 0.13454545454545455 0.20765027322404372
0 0.7490909090909091 0.7240437158469946 0.14545454545454545 0.23497267759562843
0 0.9036363636363637 0.5546448087431693 0.15636363636363637 0.1912568306010929
0 0.7927272727272727 0.39617486338797814 0.12363636363636364 0.16939890710382513
0 0.5436363636363636 0.13387978142076504 0.11272727272727273 0.15846994535519127
0 0.6690909090909091 0.24043715846994534 0.10181818181818182 0.18579234972677597
0 0.8036363636363636 0.14207650273224043 0.11636363636363636 0.15300546448087432
0 0.9 0.2568306010928962 0.10545454545454545 0.17486338797814208