0 0.8181818181818182 0.6530054644808743 0.14545454545454545 0.1912568306010929
0 0.6145454545454545 0.6584699453551912 0.17454545454545456 0.22404371584699453
0 0.23636363636363636 0.7704918032786885 0.13090909090909092 0.1092896174863388
0 0.42363636363636364 0.7759562841530054 0.18545454545454546 0.2185792349726776
0 0.6272727272727273 0.8224043715846995 0.14181818181818182 0.1366120218579235
0 0.6290909090909091 0.23770491803278687 0.14545454545454545 0.20218579234972678
0 0.42363636363636364 0.28688524590163933 0.14909090909090908 0.20218579234972678
0 0.7163636363636363 0.33879781420765026 0.11636363636363636 0.1092896174863388
0 0.8236363636363636 0.3469945355191257 0.13454545454545455 0.1912568306010929
0 0.5672727272727273 0.42349726775956287 0.17454545454545456 0.1912568306010929
0 0.3290909090909091 0.4672131147540984 0.1781818181818182 0.1912568306010929
0 0.8927272727272727 0.5273224043715847 0.11272727272727273 0.14754098360655737
0 0.7363636363636363 0.5300546448087432 0.2 0.19672131147540983
0 0.39636363636363636 0.5409836065573771 0.20363636363636364 0.19672131147540983
0 0.15454545454545454 0.5437158469945356 0.1781818181818182 0.1912568306010929