0 0.1267605633802817 0.559322033898305 0.18309859154929578 0.2711864406779661
0 0.10211267605633803 0.2570621468926554 0.1619718309859155 0.2542372881355932
0 0.2535211267605634 0.3954802259887006 0.16901408450704225 0.2711864406779661
0 0.40316901408450706 0.1327683615819209 0.1936619718309859 0.23163841807909605
0 0.3908450704225352 0.4152542372881356 0.14084507042253522 0.2768361581920904
0 0.2640845070422535 0.6779661016949152 0.176056338028169 0.3163841807909605
0 0.18309859154929578 0.884180790960452 0.19014084507042253 0.22033898305084745
0 0.3644366197183099 0.8983050847457628 0.17253521126760563 0.192090395480226
0 0.4225352112676056 0.6836158192090396 0.1619718309859155 0.24858757062146894
0 0.5862676056338029 0.6101694915254238 0.17253521126760563 0.2711864406779661
0 0.6390845070422535 0.7598870056497176 0.1795774647887324 0.2542372881355932
0 0.5369718309859155 0.3672316384180791 0.17253521126760563 0.3050847457627119
0 0.704225352112676 0.3615819209039548 0.16901408450704225 0.327683615819209
0 0.5897887323943662 0.11864406779661017 0.15845070422535212 0.21468926553672316
0 0.7904929577464789 0.1327683615819209 0.2147887323943662 0.23163841807909605
0 0.875 0.3898305084745763 0.15845070422535212 0.24858757062146894
0 0.8890845070422535 0.6412429378531074 0.18661971830985916 0.2994350282485876
0 0.7623239436619719 0.6497175141242938 0.1443661971830986 0.2937853107344633