0 0.4266409266409266 0.45618556701030927 0.11196911196911197 0.13917525773195877
0 0.528957528957529 0.45103092783505155 0.08494208494208494 0.14948453608247422
0 0.6081081081081081 0.48195876288659795 0.0888030888030888 0.11855670103092783
0 0.6718146718146718 0.8092783505154639 0.138996138996139 0.16494845360824742
0 0.777992277992278 0.7783505154639175 0.11969111969111969 0.15463917525773196
0 0.8243243243243243 0.9123711340206185 0.1274131274131274 0.13402061855670103
0 0.6911196911196911 0.14175257731958762 0.10038610038610038 0.13917525773195877
0 0.7374517374517374 0.2268041237113402 0.10038610038610038 0.14432989690721648
0 0.8571428571428571 0.42010309278350516 0.13127413127413126 0.14948453608247422
0 0.32625482625482627 0.22422680412371135 0.10424710424710425 0.13917525773195877
0 0.4266409266409266 0.10824742268041238 0.10424710424710425 0.1134020618556701