0 0.5636363636363636 0.5683060109289617 0.04363636363636364 0.0546448087431694
0 0.4618181818181818 0.5792349726775956 0.02181818181818182 0.01092896174863388
0 0.5272727272727272 0.6065573770491803 0.05090909090909091 0.07650273224043716
0 0.45636363636363636 0.6338797814207651 0.05454545454545454 0.07650273224043716
0 0.5818181818181818 0.6475409836065574 0.05818181818181818 0.08196721311475409
0 0.6345454545454545 0.6557377049180327 0.03272727272727273 0.06557377049180328
0 0.5181818181818182 0.6885245901639344 0.06909090909090909 0.03278688524590164
0 0.7272727272727273 0.33060109289617484 0.04363636363636364 0.07103825136612021
0 0.7890909090909091 0.36065573770491804 0.05090909090909091 0.06557377049180328
0 0.17636363636363636 0.5327868852459017 0.06181818181818182 0.08196721311475409
0 0.25272727272727274 0.5355191256830601 0.05454545454545454 0.08743169398907104