0 0.10909090909090909 0.05737704918032787 0.18181818181818182 0.09289617486338798
0 0.18545454545454546 0.6038251366120219 0.1890909090909091 0.18032786885245902
0 0.5690909090909091 0.6092896174863388 0.21454545454545454 0.3224043715846995
0 0.7454545454545455 0.7213114754098361 0.10181818181818182 0.14207650273224043
0 0.045454545454545456 0.7568306010928961 0.09090909090909091 0.2459016393442623
0 0.39454545454545453 0.7896174863387978 0.13454545454545455 0.2677595628415301
0 0.8981818181818182 0.7896174863387978 0.13818181818181818 0.2786885245901639
0 0.5581818181818182 0.8524590163934426 0.1709090909090909 0.16393442622950818
0 0.17272727272727273 0.855191256830601 0.1781818181818182 0.2786885245901639
0 0.3145454545454546 0.08743169398907104 0.18545454545454546 0.15300546448087432
0 0.7109090909090909 0.9098360655737705 0.15636363636363637 0.16939890710382513
0 0.5236363636363637 0.9617486338797814 0.17454545454545456 0.06557377049180328
0 0.7781818181818182 0.10655737704918032 0.16727272727272727 0.21311475409836064
0 0.5127272727272727 0.11475409836065574 0.15272727272727274 0.13114754098360656
0 0.9127272727272727 0.18032786885245902 0.07272727272727272 0.24043715846994534
0 0.15272727272727274 0.21311475409836064 0.18181818181818182 0.19672131147540983
0 0.6945454545454546 0.27049180327868855 0.09454545454545454 0.21311475409836064
0 0.34363636363636363 0.2786885245901639 0.13454545454545455 0.15300546448087432
0 0.5472727272727272 0.2896174863387978 0.16363636363636364 0.26229508196721313
0 0.6454545454545455 0.04644808743169399 0.13454545454545455 0.07103825136612021
0 0.21818181818181817 0.4426229508196721 0.16 0.2185792349726776
0 0.5745454545454546 0.45081967213114754 0.10181818181818182 0.11475409836065574
0 0.7709090909090909 0.45901639344262296 0.14545454545454545 0.31693989071038253
0 0.05090909090909091 0.4644808743169399 0.09454545454545454 0.30601092896174864
0 0.92 0.4808743169398907 0.09454545454545454 0.20765027322404372
0 0.3836363636363636 0.4918032786885246 0.13454545454545455 0.16393442622950818