0 0.13114754098360656 0.3836363636363636 0.2185792349726776 0.15636363636363637
0 0.639344262295082 0.46 0.26229508196721313 0.16363636363636364
0 0.39617486338797814 0.4818181818181818 0.23497267759562843 0.13454545454545455
0 0.9016393442622951 0.49454545454545457 0.18579234972677597 0.1890909090909091
0 0.6202185792349727 0.6763636363636364 0.366120218579235 0.18181818181818182
0 0.3551912568306011 0.8727272727272727 0.4808743169398907 0.24727272727272728
0 0.8005464480874317 0.9072727272727272 0.3879781420765027 0.1709090909090909
0 0.2459016393442623 0.09636363636363636 0.32786885245901637 0.1709090909090909
0 0.08196721311475409 0.17454545454545456 0.16393442622950818 0.16
0 0.5737704918032787 0.21454545454545454 0.2185792349726776 0.18181818181818182
0 0.3442622950819672 0.2909090909090909 0.2185792349726776 0.11636363636363636
0 0.8142076502732241 0.3327272727272727 0.2185792349726776 0.13454545454545455