0 0.13533834586466165 0.5634920634920635 0.21052631578947367 0.24867724867724866
0 0.13157894736842105 0.8174603174603174 0.18796992481203006 0.20634920634920634
0 0.31954887218045114 0.7486772486772487 0.21052631578947367 0.24867724867724866
0 0.35714285714285715 0.3941798941798942 0.21804511278195488 0.25925925925925924
0 0.07894736842105263 0.21693121693121692 0.15789473684210525 0.31746031746031744
0 0.2800751879699248 0.23809523809523808 0.20676691729323307 0.30687830687830686
0 0.6146616541353384 0.8068783068783069 0.22180451127819548 0.20634920634920634
0 0.8947368421052632 0.6851851851851852 0.20300751879699247 0.24867724867724866
0 0.8026315789473685 0.42063492063492064 0.21428571428571427 0.24867724867724866
0 0.8571428571428571 0.1693121693121693 0.18796992481203006 0.2222222222222222
0 0.6710526315789473 0.19576719576719576 0.19924812030075187 0.25396825396825395
0 0.4906015037593985 0.1402116402116402 0.22932330827067668 0.24867724867724866