0 0.21621621621621623 0.7422680412371134 0.23166023166023167 0.30927835051546393
0 0.4362934362934363 0.6752577319587629 0.23166023166023167 0.23711340206185566
0 0.6332046332046332 0.5360824742268041 0.16988416988416988 0.2268041237113402
0 0.21235521235521235 0.5541237113402062 0.23166023166023167 0.211340206185567
0 0.22586872586872586 0.2603092783505155 0.1274131274131274 0.14948453608247422
0 0.2953667953667954 0.3556701030927835 0.16602316602316602 0.21649484536082475
0 0.555984555984556 0.36597938144329895 0.1776061776061776 0.18556701030927836
0 0.8262548262548263 0.2268041237113402 0.16988416988416988 0.17525773195876287
0 0.6891891891891891 0.25773195876288657 0.1274131274131274 0.18556701030927836
0 0.584942084942085 0.8762886597938144 0.20463320463320464 0.1958762886597938
0 0.7857142857142857 0.8530927835051546 0.1969111969111969 0.211340206185567
0 0.15057915057915058 0.16752577319587628 0.13127413127413126 0.15979381443298968
0 0.059845559845559844 0.38402061855670105 0.11969111969111969 0.211340206185567